              precision    recall  f1-score   support

           0     1.0000    1.0000    1.0000        20
           1     1.0000    1.0000    1.0000        20
           2     0.5714    1.0000    0.7273        20
           3     1.0000    1.0000    1.0000        20
           4     1.0000    1.0000    1.0000        20
           5     1.0000    0.9500    0.9744        20
           6     1.0000    1.0000    1.0000        20
           7     1.0000    1.0000    1.0000        20
           8     1.0000    0.2500    0.4000        20
           9     0.9524    1.0000    0.9756        20
          10     1.0000    1.0000    1.0000        20
          11     1.0000    1.0000    1.0000        20
          12     1.0000    1.0000    1.0000        20
          13     0.8000    1.0000    0.8889        20
          14     1.0000    1.0000    1.0000        20
          15     0.4571    0.8000    0.5818        20
          16     0.9091    1.0000    0.9524        20
          17     1.0000    1.0000    1.0000        20
          18     1.0000    1.0000    1.0000        20
          19     1.0000    1.0000    1.0000        20
          20     1.0000    1.0000    1.0000        20
          21     1.0000    0.6500    0.7879        20
          22     1.0000    0.9500    0.9744        20
          23     0.7692    1.0000    0.8696        20
          24     1.0000    1.0000    1.0000        20
          25     1.0000    0.7500    0.8571        20
          26     1.0000    0.7000    0.8235        20
          27     1.0000    0.3000    0.4615        20
          28     1.0000    1.0000    1.0000        20
          29     0.8000    1.0000    0.8889        20

    accuracy                         0.9117       600
   macro avg     0.9420    0.9117    0.9054       600
weighted avg     0.9420    0.9117    0.9054       600
