              precision    recall  f1-score   support

           0     1.0000    1.0000    1.0000        15
           1     1.0000    1.0000    1.0000        21
           2     0.5946    1.0000    0.7458        22
           3     1.0000    1.0000    1.0000        17
           4     1.0000    0.8947    0.9444        19
           5     1.0000    1.0000    1.0000        20
           6     1.0000    1.0000    1.0000        20
           7     1.0000    1.0000    1.0000        29
           8     1.0000    0.7857    0.8800        14
           9     1.0000    1.0000    1.0000        14
          10     0.9130    1.0000    0.9545        21
          11     1.0000    0.2500    0.4000        16
          12     1.0000    1.0000    1.0000        26
          13     1.0000    1.0000    1.0000        18
          14     1.0000    1.0000    1.0000        17
          15     1.0000    0.0870    0.1600        23
          16     1.0000    1.0000    1.0000        24
          17     1.0000    1.0000    1.0000        17
          18     1.0000    1.0000    1.0000        22
          19     1.0000    1.0000    1.0000        21
          20     1.0000    0.5926    0.7442        27
          21     0.5854    1.0000    0.7385        24
          22     0.6071    1.0000    0.7556        17
          23     1.0000    1.0000    1.0000        29
          24     1.0000    1.0000    1.0000        15
          25     0.8824    1.0000    0.9375        15
          26     1.0000    0.7000    0.8235        20
          27     0.8421    0.9412    0.8889        17
          28     0.9130    1.0000    0.9545        21
          29     0.7391    0.8947    0.8095        19

    accuracy                         0.9033       600
   macro avg     0.9359    0.9049    0.8912       600
weighted avg     0.9357    0.9033    0.8892       600
