              precision    recall  f1-score   support

           0     1.0000    1.0000    1.0000        20
           1     1.0000    1.0000    1.0000        20
           2     0.5714    1.0000    0.7273        20
           3     1.0000    1.0000    1.0000        20
           4     1.0000    1.0000    1.0000        20
           5     1.0000    1.0000    1.0000        20
           6     1.0000    1.0000    1.0000        20
           7     1.0000    1.0000    1.0000        20
           8     1.0000    0.2500    0.4000        20
           9     1.0000    1.0000    1.0000        20
          10     1.0000    1.0000    1.0000        20
          11     1.0000    1.0000    1.0000        20
          12     1.0000    1.0000    1.0000        20
          13     0.8696    1.0000    0.9302        20
          14     1.0000    1.0000    1.0000        20
          15     1.0000    0.2500    0.4000        20
          16     1.0000    1.0000    1.0000        20
          17     1.0000    1.0000    1.0000        20
          18     1.0000    1.0000    1.0000        20
          19     1.0000    1.0000    1.0000        20
          20     1.0000    0.6500    0.7879        20
          21     1.0000    1.0000    1.0000        20
          22     1.0000    1.0000    1.0000        20
          23     1.0000    1.0000    1.0000        20
          24     1.0000    1.0000    1.0000        20
          25     1.0000    0.9500    0.9744        20
          26     0.6818    0.7500    0.7143        20
          27     0.6667    1.0000    0.8000        20
          28     0.8696    1.0000    0.9302        20
          29     0.8000    1.0000    0.8889        20

    accuracy                         0.9283       600
   macro avg     0.9486    0.9283    0.9184       600
weighted avg     0.9486    0.9283    0.9184       600
